V1	I(D1)
0.000000000000000e+00	0.000000e+00
1.000000000000000e-03	2.776602e-10
2.000000000000000e-03	5.607843e-10
3.000000000000000e-03	8.494797e-10
4.000000000000000e-03	1.143856e-09
5.000000000000000e-03	1.444025e-09
6.000000000000000e-03	1.750101e-09
7.000000000000000e-03	2.062200e-09
8.000000000000000e-03	2.380441e-09
9.000000000000001e-03	2.704943e-09
1.000000000000000e-02	3.035832e-09
1.100000000000000e-02	3.373231e-09
1.200000000000000e-02	3.717270e-09
1.300000000000000e-02	4.068080e-09
1.400000000000000e-02	4.425792e-09
1.500000000000000e-02	4.790544e-09
1.600000000000000e-02	5.162473e-09
1.700000000000000e-02	5.541720e-09
1.800000000000000e-02	5.928432e-09
1.900000000000000e-02	6.322752e-09
2.000000000000000e-02	6.724832e-09
2.100000000000000e-02	7.134825e-09
2.200000000000000e-02	7.552885e-09
2.300000000000000e-02	7.979171e-09
2.400000000000000e-02	8.413847e-09
2.500000000000000e-02	8.857076e-09
2.600000000000000e-02	9.309026e-09
2.700000000000000e-02	9.769871e-09
2.800000000000000e-02	1.023978e-08
2.900000000000000e-02	1.071894e-08
3.000000000000000e-02	1.120753e-08
3.100000000000000e-02	1.170574e-08
3.200000000000000e-02	1.221374e-08
3.300000000000000e-02	1.273175e-08
3.400000000000000e-02	1.325995e-08
3.500000000000000e-02	1.379854e-08
3.600000000000000e-02	1.434773e-08
3.700000000000000e-02	1.490772e-08
3.800000000000000e-02	1.547874e-08
3.900000000000000e-02	1.606099e-08
4.000000000000000e-02	1.665470e-08
4.100000000000000e-02	1.726010e-08
4.200000000000000e-02	1.787740e-08
4.300000000000000e-02	1.850686e-08
4.400000000000000e-02	1.914870e-08
4.500000000000000e-02	1.980317e-08
4.600000000000000e-02	2.047052e-08
4.700000000000000e-02	2.115100e-08
4.800000000000000e-02	2.184487e-08
4.900000000000000e-02	2.255240e-08
5.000000000000000e-02	2.327385e-08
5.100000000000000e-02	2.400950e-08
5.200000000000000e-02	2.475962e-08
5.300000000000000e-02	2.552450e-08
5.400000000000000e-02	2.630444e-08
5.500000000000000e-02	2.709972e-08
5.600000000000000e-02	2.791065e-08
5.700000000000000e-02	2.873754e-08
5.800000000000000e-02	2.958070e-08
5.900000000000000e-02	3.044046e-08
6.000000000000000e-02	3.131713e-08
6.100000000000000e-02	3.221106e-08
6.200000000000000e-02	3.312257e-08
6.300000000000000e-02	3.405202e-08
6.400000000000000e-02	3.499976e-08
6.500000000000000e-02	3.596615e-08
6.600000000000000e-02	3.695156e-08
6.700000000000000e-02	3.795636e-08
6.800000000000000e-02	3.898093e-08
6.900000000000001e-02	4.002566e-08
7.000000000000001e-02	4.109095e-08
7.100000000000001e-02	4.217721e-08
7.200000000000001e-02	4.328484e-08
7.300000000000000e-02	4.441426e-08
7.400000000000000e-02	4.556591e-08
7.500000000000000e-02	4.674023e-08
7.600000000000000e-02	4.793765e-08
7.700000000000000e-02	4.915863e-08
7.800000000000000e-02	5.040365e-08
7.900000000000000e-02	5.167315e-08
8.000000000000000e-02	5.296765e-08
8.100000000000000e-02	5.428761e-08
8.200000000000000e-02	5.563355e-08
8.300000000000000e-02	5.700598e-08
8.400000000000001e-02	5.840541e-08
8.500000000000001e-02	5.983238e-08
8.600000000000001e-02	6.128744e-08
8.700000000000001e-02	6.277112e-08
8.799999999999999e-02	6.428400e-08
8.900000000000000e-02	6.582665e-08
9.000000000000000e-02	6.739966e-08
9.100000000000000e-02	6.900362e-08
9.200000000000000e-02	7.063915e-08
9.300000000000000e-02	7.230685e-08
9.400000000000000e-02	7.400737e-08
9.500000000000000e-02	7.574137e-08
9.600000000000000e-02	7.750948e-08
9.700000000000000e-02	7.931238e-08
9.800000000000000e-02	8.115077e-08
9.900000000000000e-02	8.302532e-08
1.000000000000000e-01	8.493677e-08
1.010000000000000e-01	8.688583e-08
1.020000000000000e-01	8.887324e-08
1.030000000000000e-01	9.089976e-08
1.040000000000000e-01	9.296617e-08
1.050000000000000e-01	9.507323e-08
1.060000000000000e-01	9.722176e-08
1.070000000000000e-01	9.941256e-08
1.080000000000000e-01	1.016465e-07
1.090000000000000e-01	1.039244e-07
1.100000000000000e-01	1.062471e-07
1.110000000000000e-01	1.086155e-07
1.120000000000000e-01	1.110305e-07
1.130000000000000e-01	1.134930e-07
1.140000000000000e-01	1.160040e-07
1.150000000000000e-01	1.185644e-07
1.160000000000000e-01	1.211752e-07
1.170000000000000e-01	1.238374e-07
1.180000000000000e-01	1.265519e-07
1.190000000000000e-01	1.293199e-07
1.200000000000000e-01	1.321423e-07
1.210000000000000e-01	1.350203e-07
1.220000000000000e-01	1.379549e-07
1.230000000000000e-01	1.409473e-07
1.240000000000000e-01	1.439985e-07
1.250000000000000e-01	1.471098e-07
1.260000000000000e-01	1.502823e-07
1.270000000000000e-01	1.535173e-07
1.280000000000000e-01	1.568159e-07
1.290000000000000e-01	1.601794e-07
1.300000000000000e-01	1.636091e-07
1.310000000000000e-01	1.671063e-07
1.320000000000000e-01	1.706723e-07
1.330000000000000e-01	1.743084e-07
1.340000000000000e-01	1.780162e-07
1.350000000000000e-01	1.817969e-07
1.360000000000000e-01	1.856520e-07
1.370000000000000e-01	1.895829e-07
1.380000000000000e-01	1.935912e-07
1.390000000000000e-01	1.976784e-07
1.400000000000000e-01	2.018460e-07
1.410000000000000e-01	2.060956e-07
1.420000000000000e-01	2.104289e-07
1.430000000000000e-01	2.148474e-07
1.440000000000000e-01	2.193528e-07
1.450000000000000e-01	2.239470e-07
1.460000000000000e-01	2.286315e-07
1.470000000000000e-01	2.334082e-07
1.480000000000000e-01	2.382789e-07
1.490000000000000e-01	2.432455e-07
1.500000000000000e-01	2.483098e-07
1.510000000000000e-01	2.534737e-07
1.520000000000000e-01	2.587392e-07
1.530000000000000e-01	2.641084e-07
1.540000000000000e-01	2.695833e-07
1.550000000000000e-01	2.751658e-07
1.560000000000000e-01	2.808582e-07
1.570000000000000e-01	2.866627e-07
1.580000000000000e-01	2.925813e-07
1.590000000000000e-01	2.986165e-07
1.600000000000000e-01	3.047703e-07
1.610000000000000e-01	3.110453e-07
1.620000000000000e-01	3.174438e-07
1.630000000000000e-01	3.239682e-07
1.640000000000000e-01	3.306209e-07
1.650000000000000e-01	3.374046e-07
1.660000000000000e-01	3.443218e-07
1.670000000000000e-01	3.513751e-07
1.680000000000000e-01	3.585671e-07
1.690000000000000e-01	3.659007e-07
1.700000000000000e-01	3.733787e-07
1.710000000000000e-01	3.810037e-07
1.720000000000000e-01	3.887789e-07
1.730000000000000e-01	3.967070e-07
1.740000000000000e-01	4.047911e-07
1.750000000000000e-01	4.130343e-07
1.760000000000000e-01	4.214397e-07
1.770000000000000e-01	4.300105e-07
1.780000000000000e-01	4.387500e-07
1.790000000000000e-01	4.476615e-07
1.800000000000000e-01	4.567483e-07
1.810000000000000e-01	4.660139e-07
1.820000000000000e-01	4.754619e-07
1.830000000000000e-01	4.850958e-07
1.840000000000000e-01	4.949192e-07
1.850000000000000e-01	5.049360e-07
1.860000000000000e-01	5.151499e-07
1.870000000000000e-01	5.255648e-07
1.880000000000000e-01	5.361846e-07
1.890000000000000e-01	5.470134e-07
1.900000000000000e-01	5.580553e-07
1.910000000000000e-01	5.693144e-07
1.920000000000000e-01	5.807951e-07
1.930000000000000e-01	5.925018e-07
1.940000000000000e-01	6.044388e-07
1.950000000000000e-01	6.166107e-07
1.960000000000000e-01	6.290221e-07
1.970000000000000e-01	6.416778e-07
1.980000000000000e-01	6.545825e-07
1.990000000000000e-01	6.677412e-07
2.000000000000000e-01	6.811587e-07
2.010000000000000e-01	6.948404e-07
2.020000000000000e-01	7.087912e-07
2.030000000000000e-01	7.230166e-07
2.040000000000000e-01	7.375219e-07
2.050000000000000e-01	7.523126e-07
2.060000000000000e-01	7.673945e-07
2.070000000000000e-01	7.827730e-07
2.080000000000000e-01	7.984542e-07
2.090000000000000e-01	8.144440e-07
2.100000000000000e-01	8.307484e-07
2.110000000000000e-01	8.473737e-07
2.120000000000000e-01	8.643261e-07
2.130000000000000e-01	8.816121e-07
2.140000000000000e-01	8.992383e-07
2.150000000000000e-01	9.172113e-07
2.160000000000000e-01	9.355380e-07
2.170000000000000e-01	9.542254e-07
2.180000000000000e-01	9.732804e-07
2.190000000000000e-01	9.927105e-07
2.200000000000000e-01	1.012523e-06
2.210000000000000e-01	1.032725e-06
2.220000000000000e-01	1.053325e-06
2.230000000000000e-01	1.074330e-06
2.240000000000000e-01	1.095749e-06
2.250000000000000e-01	1.117589e-06
2.260000000000000e-01	1.139858e-06
2.270000000000000e-01	1.162566e-06
2.280000000000000e-01	1.185721e-06
2.290000000000000e-01	1.209332e-06
2.300000000000000e-01	1.233407e-06
2.310000000000000e-01	1.257956e-06
2.320000000000000e-01	1.282987e-06
2.330000000000000e-01	1.308512e-06
2.340000000000000e-01	1.334539e-06
2.350000000000000e-01	1.361078e-06
2.360000000000000e-01	1.388139e-06
2.370000000000000e-01	1.415733e-06
2.380000000000000e-01	1.443869e-06
2.390000000000000e-01	1.472560e-06
2.400000000000000e-01	1.501814e-06
2.410000000000000e-01	1.531645e-06
2.420000000000000e-01	1.562063e-06
2.430000000000000e-01	1.593079e-06
2.440000000000000e-01	1.624705e-06
2.450000000000000e-01	1.656954e-06
2.460000000000000e-01	1.689838e-06
2.470000000000000e-01	1.723368e-06
2.480000000000000e-01	1.757559e-06
2.490000000000000e-01	1.792422e-06
2.500000000000000e-01	1.827971e-06
2.510000000000000e-01	1.864220e-06
2.520000000000000e-01	1.901182e-06
2.530000000000000e-01	1.938871e-06
2.540000000000000e-01	1.977302e-06
2.550000000000000e-01	2.016490e-06
2.560000000000000e-01	2.056448e-06
2.570000000000000e-01	2.097193e-06
2.580000000000000e-01	2.138740e-06
2.590000000000000e-01	2.181104e-06
2.600000000000000e-01	2.224301e-06
2.610000000000000e-01	2.268349e-06
2.620000000000000e-01	2.313264e-06
2.630000000000000e-01	2.359062e-06
2.640000000000000e-01	2.405762e-06
2.650000000000000e-01	2.453381e-06
2.660000000000000e-01	2.501936e-06
2.670000000000000e-01	2.551447e-06
2.680000000000000e-01	2.601933e-06
2.690000000000000e-01	2.653412e-06
2.700000000000000e-01	2.705903e-06
2.710000000000000e-01	2.759428e-06
2.720000000000000e-01	2.814006e-06
2.730000000000000e-01	2.869659e-06
2.740000000000000e-01	2.926406e-06
2.750000000000000e-01	2.984270e-06
2.760000000000000e-01	3.043272e-06
2.770000000000000e-01	3.103436e-06
2.780000000000000e-01	3.164783e-06
2.790000000000000e-01	3.227338e-06
2.800000000000000e-01	3.291124e-06
2.810000000000000e-01	3.356165e-06
2.820000000000000e-01	3.422485e-06
2.830000000000000e-01	3.490111e-06
2.840000000000000e-01	3.559068e-06
2.850000000000000e-01	3.629381e-06
2.860000000000000e-01	3.701078e-06
2.870000000000000e-01	3.774186e-06
2.880000000000000e-01	3.848733e-06
2.890000000000000e-01	3.924746e-06
2.900000000000000e-01	4.002256e-06
2.910000000000000e-01	4.081290e-06
2.920000000000000e-01	4.161880e-06
2.930000000000000e-01	4.244056e-06
2.940000000000000e-01	4.327848e-06
2.950000000000000e-01	4.413290e-06
2.960000000000000e-01	4.500413e-06
2.970000000000000e-01	4.589250e-06
2.980000000000000e-01	4.679836e-06
2.990000000000000e-01	4.772204e-06
3.000000000000000e-01	4.866390e-06
3.010000000000000e-01	4.962429e-06
3.020000000000000e-01	5.060358e-06
3.030000000000000e-01	5.160214e-06
3.040000000000000e-01	5.262034e-06
3.050000000000000e-01	5.365859e-06
3.060000000000000e-01	5.471727e-06
3.070000000000000e-01	5.579678e-06
3.080000000000000e-01	5.689753e-06
3.090000000000000e-01	5.801994e-06
3.100000000000000e-01	5.916444e-06
3.110000000000000e-01	6.033146e-06
3.120000000000000e-01	6.152145e-06
3.130000000000000e-01	6.273485e-06
3.140000000000000e-01	6.397212e-06
3.150000000000000e-01	6.523375e-06
3.160000000000000e-01	6.652021e-06
3.170000000000000e-01	6.783197e-06
3.180000000000000e-01	6.916955e-06
3.190000000000000e-01	7.053346e-06
3.200000000000000e-01	7.192420e-06
3.210000000000000e-01	7.334230e-06
3.220000000000000e-01	7.478832e-06
3.230000000000000e-01	7.626279e-06
3.240000000000000e-01	7.776626e-06
3.250000000000000e-01	7.929933e-06
3.260000000000000e-01	8.086256e-06
3.270000000000000e-01	8.245656e-06
3.280000000000000e-01	8.408193e-06
3.290000000000000e-01	8.573928e-06
3.300000000000000e-01	8.742923e-06
3.310000000000000e-01	8.915245e-06
3.320000000000000e-01	9.090957e-06
3.330000000000000e-01	9.270128e-06
3.340000000000000e-01	9.452823e-06
3.350000000000000e-01	9.639114e-06
3.360000000000000e-01	9.829071e-06
3.370000000000000e-01	1.002277e-05
3.380000000000000e-01	1.022027e-05
3.390000000000000e-01	1.042166e-05
3.400000000000000e-01	1.062702e-05
3.410000000000000e-01	1.083642e-05
3.420000000000000e-01	1.104993e-05
3.430000000000000e-01	1.126765e-05
3.440000000000000e-01	1.148966e-05
3.450000000000000e-01	1.171603e-05
3.460000000000000e-01	1.194685e-05
3.470000000000000e-01	1.218222e-05
3.480000000000000e-01	1.242222e-05
3.490000000000000e-01	1.266694e-05
3.500000000000000e-01	1.291648e-05
3.510000000000000e-01	1.317093e-05
3.520000000000000e-01	1.343038e-05
3.530000000000000e-01	1.369495e-05
3.540000000000000e-01	1.396471e-05
3.550000000000000e-01	1.423979e-05
3.560000000000000e-01	1.452028e-05
3.570000000000000e-01	1.480628e-05
3.580000000000000e-01	1.509792e-05
3.590000000000000e-01	1.539529e-05
3.600000000000000e-01	1.569852e-05
3.610000000000000e-01	1.600771e-05
3.620000000000000e-01	1.632299e-05
3.630000000000000e-01	1.664447e-05
3.640000000000000e-01	1.697228e-05
3.650000000000000e-01	1.730653e-05
3.660000000000000e-01	1.764737e-05
3.670000000000000e-01	1.799491e-05
3.680000000000000e-01	1.834929e-05
3.690000000000000e-01	1.871065e-05
3.700000000000000e-01	1.907911e-05
3.710000000000000e-01	1.945482e-05
3.720000000000000e-01	1.983793e-05
3.730000000000000e-01	2.022858e-05
3.740000000000000e-01	2.062691e-05
3.750000000000000e-01	2.103309e-05
3.760000000000000e-01	2.144725e-05
3.770000000000000e-01	2.186957e-05
3.780000000000000e-01	2.230019e-05
3.790000000000000e-01	2.273929e-05
3.800000000000000e-01	2.318703e-05
3.810000000000000e-01	2.364358e-05
3.820000000000000e-01	2.410911e-05
3.830000000000000e-01	2.458380e-05
3.840000000000000e-01	2.506784e-05
3.850000000000000e-01	2.556140e-05
3.860000000000000e-01	2.606467e-05
3.870000000000000e-01	2.657784e-05
3.880000000000000e-01	2.710111e-05
3.890000000000000e-01	2.763468e-05
3.900000000000000e-01	2.817875e-05
3.910000000000000e-01	2.873352e-05
3.920000000000000e-01	2.929921e-05
3.930000000000000e-01	2.987603e-05
3.940000000000000e-01	3.046421e-05
3.950000000000000e-01	3.106395e-05
3.960000000000000e-01	3.167550e-05
3.970000000000000e-01	3.229908e-05
3.980000000000000e-01	3.293493e-05
3.990000000000000e-01	3.358329e-05
4.000000000000000e-01	3.424441e-05
4.010000000000000e-01	3.491854e-05
4.020000000000000e-01	3.560594e-05
4.030000000000000e-01	3.630686e-05
4.040000000000000e-01	3.702157e-05
4.050000000000000e-01	3.775035e-05
4.060000000000000e-01	3.849347e-05
4.070000000000000e-01	3.925120e-05
4.080000000000000e-01	4.002386e-05
4.090000000000000e-01	4.081171e-05
4.100000000000000e-01	4.161507e-05
4.110000000000000e-01	4.243423e-05
4.120000000000000e-01	4.326951e-05
4.130000000000000e-01	4.412123e-05
4.140000000000000e-01	4.498971e-05
4.150000000000000e-01	4.587527e-05
4.160000000000000e-01	4.677826e-05
4.170000000000000e-01	4.769902e-05
4.180000000000000e-01	4.863790e-05
4.190000000000000e-01	4.959525e-05
4.200000000000000e-01	5.057144e-05
4.210000000000000e-01	5.156684e-05
4.220000000000000e-01	5.258183e-05
4.230000000000000e-01	5.361678e-05
4.240000000000000e-01	5.467210e-05
4.250000000000000e-01	5.574819e-05
4.260000000000000e-01	5.684545e-05
4.270000000000000e-01	5.796429e-05
4.280000000000000e-01	5.910516e-05
4.290000000000000e-01	6.026847e-05
4.300000000000000e-01	6.145467e-05
4.310000000000000e-01	6.266422e-05
4.320000000000000e-01	6.389756e-05
4.330000000000000e-01	6.515517e-05
4.340000000000000e-01	6.643753e-05
4.350000000000000e-01	6.774512e-05
4.360000000000000e-01	6.907844e-05
4.370000000000000e-01	7.043799e-05
4.380000000000000e-01	7.182430e-05
4.390000000000000e-01	7.323788e-05
4.400000000000000e-01	7.467927e-05
4.410000000000000e-01	7.614902e-05
4.420000000000000e-01	7.764770e-05
4.430000000000000e-01	7.917586e-05
4.440000000000000e-01	8.073409e-05
4.450000000000000e-01	8.232299e-05
4.460000000000000e-01	8.394314e-05
4.470000000000000e-01	8.559517e-05
4.480000000000000e-01	8.727971e-05
4.490000000000000e-01	8.899739e-05
4.500000000000000e-01	9.074887e-05
4.510000000000000e-01	9.253481e-05
4.520000000000000e-01	9.435589e-05
4.530000000000000e-01	9.621280e-05
4.540000000000000e-01	9.810625e-05
4.550000000000000e-01	1.000370e-04
4.560000000000000e-01	1.020056e-04
4.570000000000000e-01	1.040131e-04
4.580000000000000e-01	1.060600e-04
4.590000000000000e-01	1.081472e-04
4.600000000000000e-01	1.102754e-04
4.610000000000000e-01	1.124456e-04
4.620000000000000e-01	1.146584e-04
4.630000000000000e-01	1.169148e-04
4.640000000000000e-01	1.192156e-04
4.650000000000000e-01	1.215616e-04
4.660000000000000e-01	1.239538e-04
4.670000000000000e-01	1.263930e-04
4.680000000000000e-01	1.288803e-04
4.690000000000000e-01	1.314165e-04
4.700000000000000e-01	1.340026e-04
4.710000000000000e-01	1.366395e-04
4.720000000000000e-01	1.393284e-04
4.730000000000000e-01	1.420701e-04
4.740000000000000e-01	1.448658e-04
4.750000000000000e-01	1.477165e-04
4.760000000000000e-01	1.506233e-04
4.770000000000000e-01	1.535872e-04
4.780000000000000e-01	1.566095e-04
4.790000000000000e-01	1.596913e-04
4.800000000000000e-01	1.628336e-04
4.810000000000000e-01	1.660378e-04
4.820000000000000e-01	1.693051e-04
4.830000000000000e-01	1.726366e-04
4.840000000000000e-01	1.760336e-04
4.850000000000000e-01	1.794975e-04
4.860000000000000e-01	1.830296e-04
4.870000000000000e-01	1.866311e-04
4.880000000000000e-01	1.903034e-04
4.890000000000000e-01	1.940481e-04
4.900000000000000e-01	1.978664e-04
4.910000000000000e-01	2.017598e-04
4.920000000000000e-01	2.057298e-04
4.930000000000000e-01	2.097779e-04
4.940000000000000e-01	2.139056e-04
4.950000000000000e-01	2.181145e-04
4.960000000000000e-01	2.224063e-04
4.970000000000000e-01	2.267825e-04
4.980000000000000e-01	2.312447e-04
4.990000000000000e-01	2.357948e-04
5.000000000000000e-01	2.404343e-04
5.010000000000000e-01	2.451651e-04
5.020000000000000e-01	2.499890e-04
5.030000000000000e-01	2.549078e-04
5.040000000000000e-01	2.599233e-04
5.050000000000000e-01	2.650375e-04
5.060000000000000e-01	2.702523e-04
5.070000000000000e-01	2.755697e-04
5.080000000000000e-01	2.809916e-04
5.090000000000000e-01	2.865203e-04
5.100000000000000e-01	2.921577e-04
5.110000000000000e-01	2.979059e-04
5.120000000000000e-01	3.037673e-04
5.130000000000000e-01	3.097439e-04
5.140000000000000e-01	3.158381e-04
5.150000000000000e-01	3.220522e-04
5.160000000000000e-01	3.283885e-04
5.170000000000000e-01	3.348494e-04
5.180000000000000e-01	3.414374e-04
5.190000000000000e-01	3.481550e-04
5.200000000000000e-01	3.550047e-04
5.210000000000000e-01	3.619891e-04
5.220000000000000e-01	3.691110e-04
5.230000000000000e-01	3.763729e-04
5.240000000000000e-01	3.837776e-04
5.250000000000000e-01	3.913279e-04
5.260000000000000e-01	3.990268e-04
5.270000000000000e-01	4.068771e-04
5.280000000000000e-01	4.148817e-04
5.290000000000000e-01	4.230438e-04
5.300000000000000e-01	4.313665e-04
5.310000000000000e-01	4.398528e-04
5.320000000000000e-01	4.485059e-04
5.330000000000000e-01	4.573293e-04
5.340000000000000e-01	4.663262e-04
5.350000000000000e-01	4.755001e-04
5.360000000000000e-01	4.848543e-04
5.370000000000000e-01	4.943925e-04
5.380000000000000e-01	5.041183e-04
5.390000000000000e-01	5.140353e-04
5.400000000000000e-01	5.241473e-04
5.410000000000000e-01	5.344582e-04
5.420000000000000e-01	5.449718e-04
5.430000000000000e-01	5.556922e-04
5.440000000000000e-01	5.666233e-04
5.450000000000000e-01	5.777695e-04
5.460000000000000e-01	5.891348e-04
5.470000000000000e-01	6.007235e-04
5.480000000000000e-01	6.125401e-04
5.490000000000000e-01	6.245890e-04
5.500000000000000e-01	6.368749e-04
5.510000000000000e-01	6.494023e-04
5.520000000000000e-01	6.621760e-04
5.530000000000000e-01	6.752008e-04
5.540000000000000e-01	6.884817e-04
5.550000000000000e-01	7.020238e-04
5.560000000000000e-01	7.158321e-04
5.570000000000001e-01	7.299117e-04
5.580000000000001e-01	7.442682e-04
5.590000000000001e-01	7.589070e-04
5.600000000000001e-01	7.738335e-04
5.610000000000001e-01	7.890534e-04
5.620000000000001e-01	8.045725e-04
5.630000000000001e-01	8.203966e-04
5.640000000000001e-01	8.365319e-04
5.650000000000001e-01	8.529843e-04
5.660000000000001e-01	8.697600e-04
5.670000000000001e-01	8.868655e-04
5.680000000000001e-01	9.043072e-04
5.690000000000001e-01	9.220917e-04
5.700000000000001e-01	9.402257e-04
5.710000000000001e-01	9.587161e-04
5.720000000000001e-01	9.775698e-04
5.730000000000001e-01	9.967942e-04
5.740000000000001e-01	1.016396e-03
5.750000000000001e-01	1.036384e-03
5.760000000000001e-01	1.056764e-03
5.770000000000000e-01	1.077544e-03
5.780000000000000e-01	1.098733e-03
5.790000000000000e-01	1.120338e-03
5.800000000000000e-01	1.142368e-03
5.810000000000000e-01	1.164831e-03
5.820000000000000e-01	1.187735e-03
5.830000000000000e-01	1.211089e-03
5.840000000000000e-01	1.234901e-03
5.850000000000000e-01	1.259182e-03
5.860000000000000e-01	1.283939e-03
5.870000000000000e-01	1.309183e-03
5.880000000000000e-01	1.334923e-03
5.890000000000000e-01	1.361168e-03
5.900000000000000e-01	1.387929e-03
5.910000000000000e-01	1.415216e-03
5.920000000000000e-01	1.443038e-03
5.930000000000000e-01	1.471407e-03
5.940000000000000e-01	1.500333e-03
5.950000000000000e-01	1.529827e-03
5.960000000000000e-01	1.559900e-03
5.970000000000000e-01	1.590564e-03
5.980000000000000e-01	1.621830e-03
5.990000000000000e-01	1.653710e-03
6.000000000000000e-01	1.686216e-03
6.010000000000000e-01	1.719360e-03
6.020000000000000e-01	1.753155e-03
6.030000000000000e-01	1.787613e-03
6.040000000000000e-01	1.822747e-03
6.050000000000000e-01	1.858572e-03
6.060000000000000e-01	1.895099e-03
6.070000000000000e-01	1.932344e-03
6.080000000000000e-01	1.970319e-03
6.090000000000000e-01	2.009040e-03
6.100000000000000e-01	2.048521e-03
6.110000000000000e-01	2.088776e-03
6.120000000000000e-01	2.129822e-03
6.130000000000000e-01	2.171672e-03
6.140000000000000e-01	2.214344e-03
6.150000000000000e-01	2.257854e-03
6.160000000000000e-01	2.302216e-03
6.170000000000000e-01	2.347449e-03
6.180000000000000e-01	2.393570e-03
6.190000000000000e-01	2.440595e-03
6.200000000000000e-01	2.488542e-03
6.210000000000000e-01	2.537430e-03
6.220000000000000e-01	2.587276e-03
6.230000000000000e-01	2.638100e-03
6.240000000000000e-01	2.689921e-03
6.250000000000000e-01	2.742757e-03
6.260000000000000e-01	2.796629e-03
6.270000000000000e-01	2.851558e-03
6.280000000000000e-01	2.907563e-03
6.290000000000000e-01	2.964667e-03
6.300000000000000e-01	3.022889e-03
6.310000000000000e-01	3.082253e-03
6.320000000000000e-01	3.142779e-03
6.330000000000000e-01	3.204492e-03
6.340000000000000e-01	3.267414e-03
6.350000000000000e-01	3.331569e-03
6.360000000000000e-01	3.396980e-03
6.370000000000000e-01	3.463673e-03
6.380000000000000e-01	3.531673e-03
6.390000000000000e-01	3.601004e-03
6.400000000000000e-01	3.671692e-03
6.410000000000000e-01	3.743765e-03
6.420000000000000e-01	3.817249e-03
6.430000000000000e-01	3.892172e-03
6.440000000000000e-01	3.968562e-03
6.450000000000000e-01	4.046446e-03
6.460000000000000e-01	4.125855e-03
6.470000000000000e-01	4.206818e-03
6.480000000000000e-01	4.289365e-03
6.490000000000000e-01	4.373527e-03
6.500000000000000e-01	4.459335e-03
6.510000000000000e-01	4.546823e-03
6.520000000000000e-01	4.636021e-03
6.530000000000000e-01	4.726964e-03
6.540000000000000e-01	4.819684e-03
6.550000000000000e-01	4.914218e-03
6.560000000000000e-01	5.010600e-03
6.570000000000000e-01	5.108865e-03
6.580000000000000e-01	5.209051e-03
6.590000000000000e-01	5.311195e-03
6.600000000000000e-01	5.415335e-03
6.610000000000000e-01	5.521508e-03
6.620000000000000e-01	5.629756e-03
6.630000000000000e-01	5.740118e-03
6.640000000000000e-01	5.852635e-03
6.650000000000000e-01	5.967349e-03
6.660000000000000e-01	6.084302e-03
6.670000000000000e-01	6.203538e-03
6.680000000000000e-01	6.325101e-03
6.690000000000000e-01	6.449036e-03
6.700000000000000e-01	6.575388e-03
6.710000000000000e-01	6.704205e-03
6.720000000000000e-01	6.835535e-03
6.730000000000000e-01	6.969424e-03
6.740000000000000e-01	7.105925e-03
6.750000000000000e-01	7.245086e-03
6.760000000000000e-01	7.386958e-03
6.770000000000000e-01	7.531595e-03
6.780000000000000e-01	7.679050e-03
6.790000000000000e-01	7.829376e-03
6.800000000000000e-01	7.982630e-03
6.810000000000000e-01	8.138868e-03
6.820000000000001e-01	8.298147e-03
6.830000000000001e-01	8.460524e-03
6.840000000000001e-01	8.626061e-03
6.850000000000001e-01	8.794819e-03
6.860000000000001e-01	8.966858e-03
6.870000000000001e-01	9.142243e-03
6.880000000000001e-01	9.321037e-03
6.890000000000001e-01	9.503305e-03
6.900000000000001e-01	9.689114e-03
6.910000000000001e-01	9.878533e-03
6.920000000000001e-01	1.007163e-02
6.930000000000001e-01	1.026848e-02
6.940000000000001e-01	1.046914e-02
6.950000000000001e-01	1.067370e-02
6.960000000000001e-01	1.088223e-02
6.970000000000001e-01	1.109480e-02
6.980000000000001e-01	1.131150e-02
6.990000000000001e-01	1.153239e-02
7.000000000000001e-01	1.175757e-02
7.010000000000001e-01	1.198710e-02
7.020000000000001e-01	1.222108e-02
7.030000000000001e-01	1.245960e-02
7.040000000000000e-01	1.270272e-02
7.050000000000000e-01	1.295055e-02
7.060000000000000e-01	1.320317e-02
7.070000000000000e-01	1.346068e-02
7.080000000000000e-01	1.372317e-02
7.090000000000000e-01	1.399072e-02
7.100000000000000e-01	1.426344e-02
7.110000000000000e-01	1.454143e-02
7.120000000000000e-01	1.482478e-02
7.130000000000000e-01	1.511360e-02
7.140000000000000e-01	1.540799e-02
7.150000000000000e-01	1.570806e-02
7.160000000000000e-01	1.601390e-02
7.170000000000000e-01	1.632564e-02
7.180000000000000e-01	1.664338e-02
7.190000000000000e-01	1.696723e-02
7.200000000000000e-01	1.729731e-02
7.210000000000000e-01	1.763374e-02
7.220000000000000e-01	1.797664e-02
7.230000000000000e-01	1.832612e-02
7.240000000000000e-01	1.868232e-02
7.250000000000000e-01	1.904535e-02
7.260000000000000e-01	1.941535e-02
7.270000000000000e-01	1.979244e-02
7.280000000000000e-01	2.017675e-02
7.290000000000000e-01	2.056843e-02
7.300000000000000e-01	2.096761e-02
7.310000000000000e-01	2.137442e-02
7.320000000000000e-01	2.178902e-02
7.330000000000000e-01	2.221154e-02
7.340000000000000e-01	2.264213e-02
7.350000000000000e-01	2.308095e-02
7.360000000000000e-01	2.352813e-02
7.370000000000000e-01	2.398385e-02
7.380000000000000e-01	2.444825e-02
7.390000000000000e-01	2.492149e-02
7.400000000000000e-01	2.540374e-02
7.410000000000000e-01	2.589517e-02
7.420000000000000e-01	2.639594e-02
7.430000000000000e-01	2.690622e-02
7.440000000000000e-01	2.742619e-02
7.450000000000000e-01	2.795603e-02
7.460000000000000e-01	2.849591e-02
7.470000000000000e-01	2.904602e-02
7.480000000000000e-01	2.960655e-02
7.490000000000000e-01	3.017767e-02
7.500000000000000e-01	3.075960e-02
7.510000000000000e-01	3.135251e-02
7.520000000000000e-01	3.195662e-02
7.530000000000000e-01	3.257212e-02
7.540000000000000e-01	3.319922e-02
7.550000000000000e-01	3.383813e-02
7.560000000000000e-01	3.448905e-02
7.570000000000000e-01	3.515221e-02
7.580000000000000e-01	3.582783e-02
7.590000000000000e-01	3.651612e-02
7.600000000000000e-01	3.721731e-02
7.610000000000000e-01	3.793164e-02
7.620000000000000e-01	3.865933e-02
7.630000000000000e-01	3.940063e-02
7.640000000000000e-01	4.015578e-02
7.650000000000000e-01	4.092501e-02
7.660000000000000e-01	4.170857e-02
7.670000000000000e-01	4.250673e-02
7.680000000000000e-01	4.331974e-02
7.690000000000000e-01	4.414785e-02
7.700000000000000e-01	4.499133e-02
7.710000000000000e-01	4.585045e-02
7.720000000000000e-01	4.672547e-02
7.730000000000000e-01	4.761669e-02
7.740000000000000e-01	4.852437e-02
7.750000000000000e-01	4.944880e-02
7.760000000000000e-01	5.039028e-02
7.770000000000000e-01	5.134908e-02
7.780000000000000e-01	5.232551e-02
7.790000000000000e-01	5.331988e-02
7.800000000000000e-01	5.433248e-02
7.810000000000000e-01	5.536363e-02
7.820000000000000e-01	5.641364e-02
7.830000000000000e-01	5.748283e-02
7.840000000000000e-01	5.857152e-02
7.850000000000000e-01	5.968005e-02
7.860000000000000e-01	6.080874e-02
7.870000000000000e-01	6.195793e-02
7.880000000000000e-01	6.312796e-02
7.890000000000000e-01	6.431918e-02
7.900000000000000e-01	6.553194e-02
7.910000000000000e-01	6.676659e-02
7.920000000000000e-01	6.802350e-02
7.930000000000000e-01	6.930302e-02
7.940000000000000e-01	7.060553e-02
7.950000000000000e-01	7.193141e-02
7.960000000000000e-01	7.328102e-02
7.970000000000000e-01	7.465476e-02
7.980000000000000e-01	7.605300e-02
7.990000000000000e-01	7.747615e-02
8.000000000000000e-01	7.892460e-02
8.010000000000000e-01	8.039876e-02
8.020000000000000e-01	8.189903e-02
8.030000000000000e-01	8.342582e-02
8.040000000000000e-01	8.497955e-02
8.050000000000000e-01	8.656064e-02
8.060000000000000e-01	8.816952e-02
8.070000000000001e-01	8.980661e-02
8.080000000000001e-01	9.147235e-02
8.090000000000001e-01	9.316719e-02
8.100000000000001e-01	9.489156e-02
8.110000000000001e-01	9.664592e-02
8.120000000000001e-01	9.843072e-02
8.130000000000001e-01	1.002464e-01
8.140000000000001e-01	1.020935e-01
8.150000000000001e-01	1.039724e-01
8.160000000000001e-01	1.058836e-01
8.170000000000001e-01	1.078275e-01
8.180000000000001e-01	1.098048e-01
8.190000000000001e-01	1.118157e-01
8.200000000000001e-01	1.138609e-01
8.210000000000001e-01	1.159409e-01
8.220000000000001e-01	1.180560e-01
8.230000000000001e-01	1.202069e-01
8.240000000000001e-01	1.223940e-01
8.250000000000001e-01	1.246179e-01
8.260000000000001e-01	1.268791e-01
8.270000000000001e-01	1.291780e-01
8.280000000000001e-01	1.315152e-01
8.290000000000001e-01	1.338912e-01
8.300000000000001e-01	1.363066e-01
8.310000000000001e-01	1.387619e-01
8.320000000000001e-01	1.412576e-01
8.330000000000000e-01	1.437943e-01
8.340000000000000e-01	1.463724e-01
8.350000000000000e-01	1.489927e-01
8.360000000000000e-01	1.516555e-01
8.370000000000000e-01	1.543615e-01
8.380000000000000e-01	1.571112e-01
8.390000000000000e-01	1.599052e-01
8.400000000000000e-01	1.627440e-01
8.410000000000000e-01	1.656282e-01
8.420000000000000e-01	1.685583e-01
8.430000000000000e-01	1.715350e-01
8.440000000000000e-01	1.745588e-01
8.450000000000000e-01	1.776302e-01
8.460000000000000e-01	1.807499e-01
8.470000000000000e-01	1.839184e-01
8.480000000000000e-01	1.871363e-01
8.490000000000000e-01	1.904041e-01
8.500000000000000e-01	1.937225e-01
8.510000000000000e-01	1.970921e-01
8.520000000000000e-01	2.005133e-01
8.530000000000000e-01	2.039868e-01
8.540000000000000e-01	2.075132e-01
8.550000000000000e-01	2.110930e-01
8.560000000000000e-01	2.147269e-01
8.570000000000000e-01	2.184154e-01
8.580000000000000e-01	2.221591e-01
8.590000000000000e-01	2.259585e-01
8.600000000000000e-01	2.298143e-01
8.610000000000000e-01	2.337271e-01
8.620000000000000e-01	2.376973e-01
8.630000000000000e-01	2.417257e-01
8.640000000000000e-01	2.458127e-01
8.650000000000000e-01	2.499590e-01
8.660000000000000e-01	2.541651e-01
8.670000000000000e-01	2.584316e-01
8.680000000000000e-01	2.627590e-01
8.690000000000000e-01	2.671480e-01
8.700000000000000e-01	2.715990e-01
8.710000000000000e-01	2.761127e-01
8.720000000000000e-01	2.806896e-01
8.730000000000000e-01	2.853303e-01
8.740000000000000e-01	2.900352e-01
8.750000000000000e-01	2.948050e-01
8.760000000000000e-01	2.996402e-01
8.770000000000000e-01	3.045414e-01
8.780000000000000e-01	3.095090e-01
8.790000000000000e-01	3.145436e-01
8.800000000000000e-01	3.196457e-01
8.810000000000000e-01	3.248159e-01
8.820000000000000e-01	3.300547e-01
8.830000000000000e-01	3.353625e-01
8.840000000000000e-01	3.407399e-01
8.850000000000000e-01	3.461874e-01
8.860000000000000e-01	3.517054e-01
8.870000000000000e-01	3.572945e-01
8.880000000000000e-01	3.629552e-01
8.890000000000000e-01	3.686878e-01
8.900000000000000e-01	3.744929e-01
8.910000000000000e-01	3.803709e-01
8.920000000000000e-01	3.863224e-01
8.930000000000000e-01	3.923477e-01
8.940000000000000e-01	3.984472e-01
8.950000000000000e-01	4.046215e-01
8.960000000000000e-01	4.108708e-01
8.970000000000000e-01	4.171957e-01
8.980000000000000e-01	4.235966e-01
8.990000000000000e-01	4.300738e-01
9.000000000000000e-01	4.366277e-01
9.010000000000000e-01	4.432588e-01
9.020000000000000e-01	4.499674e-01
9.030000000000000e-01	4.567538e-01
9.040000000000000e-01	4.636184e-01
9.050000000000000e-01	4.705616e-01
9.060000000000000e-01	4.775837e-01
9.070000000000000e-01	4.846850e-01
9.080000000000000e-01	4.918659e-01
9.090000000000000e-01	4.991266e-01
9.100000000000000e-01	5.064675e-01
9.110000000000000e-01	5.138888e-01
9.120000000000000e-01	5.213908e-01
9.130000000000000e-01	5.289739e-01
9.140000000000000e-01	5.366381e-01
9.150000000000000e-01	5.443839e-01
9.160000000000000e-01	5.522115e-01
9.170000000000000e-01	5.601211e-01
9.180000000000000e-01	5.681128e-01
9.190000000000000e-01	5.761870e-01
9.200000000000000e-01	5.843437e-01
9.210000000000000e-01	5.925833e-01
9.220000000000000e-01	6.009058e-01
9.230000000000000e-01	6.093116e-01
9.240000000000000e-01	6.178006e-01
9.250000000000000e-01	6.263731e-01
9.260000000000000e-01	6.350292e-01
9.270000000000000e-01	6.437690e-01
9.280000000000000e-01	6.525927e-01
9.290000000000000e-01	6.615004e-01
9.300000000000000e-01	6.704921e-01
9.310000000000000e-01	6.795680e-01
9.320000000000001e-01	6.887281e-01
9.330000000000001e-01	6.979725e-01
9.340000000000001e-01	7.073013e-01
9.350000000000001e-01	7.167144e-01
9.360000000000001e-01	7.262121e-01
9.370000000000001e-01	7.357942e-01
9.380000000000001e-01	7.454608e-01
9.390000000000001e-01	7.552119e-01
9.400000000000001e-01	7.650476e-01
9.410000000000001e-01	7.749677e-01
9.420000000000001e-01	7.849723e-01
9.430000000000001e-01	7.950613e-01
9.440000000000001e-01	8.052348e-01
9.450000000000001e-01	8.154927e-01
9.460000000000001e-01	8.258349e-01
9.470000000000001e-01	8.362613e-01
9.480000000000001e-01	8.467720e-01
9.490000000000001e-01	8.573667e-01
9.500000000000001e-01	8.680454e-01
9.510000000000001e-01	8.788081e-01
9.520000000000001e-01	8.896545e-01
9.530000000000001e-01	9.005846e-01
9.540000000000001e-01	9.115984e-01
9.550000000000001e-01	9.226955e-01
9.560000000000001e-01	9.338760e-01
9.570000000000001e-01	9.451396e-01
9.580000000000001e-01	9.564862e-01
9.590000000000001e-01	9.679157e-01
9.600000000000000e-01	9.794278e-01
9.610000000000000e-01	9.910225e-01
9.620000000000000e-01	1.002699e+00
9.630000000000000e-01	1.014458e+00
9.640000000000000e-01	1.026299e+00
9.650000000000000e-01	1.038222e+00
9.660000000000000e-01	1.050226e+00
9.670000000000000e-01	1.062312e+00
9.680000000000000e-01	1.074479e+00
9.690000000000000e-01	1.086726e+00
9.700000000000000e-01	1.099054e+00
9.710000000000000e-01	1.111463e+00
9.720000000000000e-01	1.123951e+00
9.730000000000000e-01	1.136520e+00
9.740000000000000e-01	1.149168e+00
9.750000000000000e-01	1.161895e+00
9.760000000000000e-01	1.174702e+00
9.770000000000000e-01	1.187587e+00
9.780000000000000e-01	1.200551e+00
9.790000000000000e-01	1.213593e+00
9.800000000000000e-01	1.226714e+00
9.810000000000000e-01	1.239912e+00
9.820000000000000e-01	1.253187e+00
9.830000000000000e-01	1.266540e+00
9.840000000000000e-01	1.279969e+00
9.850000000000000e-01	1.293475e+00
9.860000000000000e-01	1.307057e+00
9.870000000000000e-01	1.320715e+00
9.880000000000000e-01	1.334448e+00
9.890000000000000e-01	1.348257e+00
9.900000000000000e-01	1.362140e+00
9.910000000000000e-01	1.376099e+00
9.920000000000000e-01	1.390131e+00
9.930000000000000e-01	1.404238e+00
9.940000000000000e-01	1.418418e+00
9.950000000000000e-01	1.432671e+00
9.960000000000000e-01	1.446998e+00
9.970000000000000e-01	1.461397e+00
9.980000000000000e-01	1.475868e+00
9.990000000000000e-01	1.490411e+00
1.000000000000000e+00	1.505026e+00
